% David Wade
% Homework 6

%Problem 1

% Problem 2
A = [1 0 0; 0 2 0; 0 0 3];
B = [1 0 0; 0 2 0; 0 0 3];
C = [1 2 3; 4 5 6; 7 8 9];
D = [1 0 0; 0 -1 0; 0 0 1];

labmda = zeros(1,5);

